"","X.2","year","v2lgcrrpt","v2excrptps"
"1",1,1950,NA,0.159908070665529
"2",2,1951,NA,0.159908070665529
"3",3,1952,NA,0.159908070665529
"4",4,1953,NA,0.159908070665529
"5",5,1954,2.35339235439426,0.159908070665529
"6",6,1955,2.35339235439426,0.159908070665529
"7",7,1956,2.35339235439426,0.159908070665529
"8",8,1957,2.35339235439426,0.159908070665529
"9",9,1958,1.80937886142391,0.159908070665529
"10",10,1959,1.80937886142391,0.159908070665529
"11",11,1960,1.80937886142391,0.159908070665529
"12",12,1961,1.80937886142391,0.159908070665529
"13",13,1962,1.80937886142391,0.159908070665529
"14",14,1963,1.80937886142391,0.159908070665529
"15",15,1964,1.80937886142391,0.159908070665529
"16",16,1965,1.80937886142391,0.159908070665529
"17",17,1966,1.80937886142391,0.159908070665529
"18",18,1967,1.80937886142391,0.159908070665529
"19",19,1968,1.32509770018273,0.159908070665529
"20",20,1969,1.32509770018273,0.159908070665529
"21",21,1970,1.32509770018273,0.159908070665529
"22",22,1971,1.32509770018273,0.159908070665529
"23",23,1972,1.32509770018273,0.159908070665529
"24",24,1973,1.32509770018273,0.159908070665529
"25",25,1974,1.32509770018273,0.159908070665529
"26",26,1975,1.32509770018273,0.159908070665529
"27",27,1976,1.32509770018273,0.159908070665529
"28",28,1977,1.32509770018273,-0.189783878924729
"29",29,1978,1.32509770018273,-0.189783878924729
"30",30,1979,1.32509770018273,-0.3201030108463
"31",31,1980,1.27010269624439,-1.081111351187
"32",32,1981,1.27010269624439,-1.15700423001171
"33",33,1982,1.27010269624439,-1.15700423001171
"34",34,1983,1.27010269624439,-1.15700423001171
"35",35,1984,1.27010269624439,-1.15700423001171
"36",36,1985,1.0066721660899,-1.15700423001171
"37",37,1986,1.0066721660899,-1.15700423001171
"38",38,1987,1.0066721660899,-1.15700423001171
"39",39,1988,1.0066721660899,-1.15700423001171
"40",40,1989,1.0066721660899,-1.1466028149623
"41",41,1990,1.0066721660899,-1.1466028149623
"42",42,1991,1.0066721660899,-1.1466028149623
"43",43,1992,0.822218854148683,-1.16742053617269
"44",44,1993,0.822218854148683,-1.16742053617269
"45",45,1994,0.822218854148683,-1.16742053617269
"46",46,1995,0.822218854148683,-1.16742053617269
"47",47,1996,0.822218854148683,-1.16742053617269
"48",48,1997,0.822218854148683,-1.16742053617269
"49",49,1998,0.822218854148683,-1.16742053617269
"50",50,1999,0.782846401748239,-1.16742053617269
"51",51,2000,0.782846401748239,-1.16742053617269
"52",52,2001,0.782846401748239,-1.16742053617269
"53",53,2002,0.782846401748239,-1.16742053617269
"54",54,2003,0.782846401748239,-1.16742053617269
"55",55,2004,0.782846401748239,-1.16742053617269
"56",56,2005,0.668875245862701,-1.16742053617269
"57",57,2006,0.660821607333826,-1.16742053617269
"58",58,2007,0.660821607333826,-1.16742053617269
"59",59,2008,0.650514347686542,-1.16742053617269
"60",60,2009,0.650514347686542,-1.14794528410342
"61",61,2010,0.572194513828307,-1.14834692786639
"62",62,2011,0.572194513828307,-1.14834692786639
"63",63,2012,0.572194513828307,-1.02493560722255
"64",64,2013,-0.212542645567658,-0.976165095742022
"65",65,2014,0.0566396218109392,-0.990966312333641
"66",66,2015,0.0566396218109392,-0.832751294069406
"67",67,2016,0.0633958812205382,-0.821041088530699
