"","X.1","X","year","v2lgcrrpt","v2jucorrdc","v2excrptps","v2mecenefm"
"1",1,1,1950,NA,2.02458060693565,0.159908070665529,-2.91648885857075
"2",2,2,1951,NA,2.02458060693565,0.159908070665529,-2.91648885857075
"3",3,3,1952,NA,2.02458060693565,0.159908070665529,-2.91648885857075
"4",4,4,1953,NA,2.02458060693565,0.159908070665529,-2.91648885857075
"5",5,5,1954,2.35339235439426,2.02458060693565,0.159908070665529,-2.91648885857075
"6",6,6,1955,2.35339235439426,2.02458060693565,0.159908070665529,-2.91648885857075
"7",7,7,1956,2.35339235439426,2.02458060693565,0.159908070665529,-3.12073859481136
"8",8,8,1957,2.35339235439426,2.02458060693565,0.159908070665529,-3.12073859481136
"9",9,9,1958,1.80937886142391,2.02458060693565,0.159908070665529,-3.12073859481136
"10",10,10,1959,1.80937886142391,2.02458060693565,0.159908070665529,-3.12073859481136
"11",11,11,1960,1.80937886142391,2.02458060693565,0.159908070665529,-3.12073859481136
"12",12,12,1961,1.80937886142391,2.02458060693565,0.159908070665529,-3.12073859481136
"13",13,13,1962,1.80937886142391,2.02458060693565,0.159908070665529,-3.12073859481136
"14",14,14,1963,1.80937886142391,2.02458060693565,0.159908070665529,-3.12073859481136
"15",15,15,1964,1.80937886142391,2.02458060693565,0.159908070665529,-3.12073859481136
"16",16,16,1965,1.80937886142391,2.02458060693565,0.159908070665529,-3.12073859481136
"17",17,17,1966,1.80937886142391,1.63361669998109,0.159908070665529,-2.82416074341293
"18",18,18,1967,1.80937886142391,1.63361669998109,0.159908070665529,-2.82416074341293
"19",19,19,1968,1.32509770018273,1.63361669998109,0.159908070665529,-2.82416074341293
"20",20,20,1969,1.32509770018273,1.63361669998109,0.159908070665529,-3.08965865906356
"21",21,21,1970,1.32509770018273,1.63361669998109,0.159908070665529,-3.08965865906356
"22",22,22,1971,1.32509770018273,1.63361669998109,0.159908070665529,-3.08965865906356
"23",23,23,1972,1.32509770018273,1.63361669998109,0.159908070665529,-3.08965865906356
"24",24,24,1973,1.32509770018273,1.63361669998109,0.159908070665529,-2.77833857219316
"25",25,25,1974,1.32509770018273,1.63361669998109,0.159908070665529,-2.77833857219316
"26",26,26,1975,1.32509770018273,1.63361669998109,0.159908070665529,-2.77833857219316
"27",27,27,1976,1.32509770018273,1.63361669998109,0.159908070665529,-2.77833857219316
"28",28,28,1977,1.32509770018273,1.63790491916197,-0.189783878924729,-2.77833857219316
"29",29,29,1978,1.32509770018273,1.2131576663664,-0.189783878924729,-2.77833857219316
"30",30,30,1979,1.32509770018273,0.991716255182885,-0.3201030108463,-1.25306987845212
"31",31,31,1980,1.27010269624439,0.710835447608287,-1.081111351187,-0.745002201440511
"32",32,32,1981,1.27010269624439,0.577721300132622,-1.15700423001171,-0.745002201440511
"33",33,33,1982,1.27010269624439,0.577721300132622,-1.15700423001171,-0.745002201440511
"34",34,34,1983,1.27010269624439,0.191226635182578,-1.15700423001171,-0.745002201440511
"35",35,35,1984,1.27010269624439,0.191226635182578,-1.15700423001171,-0.745002201440511
"36",36,36,1985,1.0066721660899,0.191226635182578,-1.15700423001171,-0.745002201440511
"37",37,37,1986,1.0066721660899,0.191226635182578,-1.15700423001171,-0.745002201440511
"38",38,38,1987,1.0066721660899,0.191226635182578,-1.15700423001171,-0.745002201440511
"39",39,39,1988,1.0066721660899,0.191226635182578,-1.15700423001171,-0.745002201440511
"40",40,40,1989,1.0066721660899,0.191226635182578,-1.1466028149623,-0.977401129703587
"41",41,41,1990,1.0066721660899,-0.0697016995775417,-1.1466028149623,-1.229048236409
"42",42,42,1991,1.0066721660899,-0.0697016995775417,-1.1466028149623,-1.229048236409
"43",43,43,1992,0.822218854148683,-0.0697016995775417,-1.16742053617269,-0.990185091315395
"44",44,44,1993,0.822218854148683,-0.396201216050969,-1.16742053617269,-0.723071353955246
"45",45,45,1994,0.822218854148683,-0.64452215254375,-1.16742053617269,-0.723071353955246
"46",46,46,1995,0.822218854148683,-0.64452215254375,-1.16742053617269,-0.723071353955246
"47",47,47,1996,0.822218854148683,-0.64452215254375,-1.16742053617269,-0.723071353955246
"48",48,48,1997,0.822218854148683,-0.64452215254375,-1.16742053617269,-0.723071353955246
"49",49,49,1998,0.822218854148683,-0.64452215254375,-1.16742053617269,-0.723071353955246
"50",50,50,1999,0.782846401748239,-0.64452215254375,-1.16742053617269,-0.723071353955246
"51",51,51,2000,0.782846401748239,-0.462100931699128,-1.16742053617269,-1.04338052983293
"52",52,52,2001,0.782846401748239,-0.462100931699128,-1.16742053617269,-1.04338052983293
"53",53,53,2002,0.782846401748239,-0.462100931699128,-1.16742053617269,-1.04338052983293
"54",54,54,2003,0.782846401748239,-0.462100931699128,-1.16742053617269,-1.04338052983293
"55",55,55,2004,0.782846401748239,-0.462100931699128,-1.16742053617269,-1.04338052983293
"56",56,56,2005,0.668875245862701,-0.462100931699128,-1.16742053617269,-1.04338052983293
"57",57,57,2006,0.660821607333826,-0.462100931699128,-1.16742053617269,-1.04338052983293
"58",58,58,2007,0.660821607333826,-0.462100931699128,-1.16742053617269,-1.04338052983293
"59",59,59,2008,0.650514347686542,-0.462100931699128,-1.16742053617269,-1.04338052983293
"60",60,60,2009,0.650514347686542,-0.462100931699128,-1.14794528410342,-1.04338052983293
"61",61,61,2010,0.572194513828307,-0.462100931699128,-1.14834692786639,-1.04384971535565
"62",62,62,2011,0.572194513828307,-0.462100931699128,-1.14834692786639,-1.04710750462002
"63",63,63,2012,0.572194513828307,-0.475115092100771,-1.02493560722255,-1.30219317139006
"64",64,64,2013,-0.212542645567658,-0.352308822080629,-0.976165095742022,-1.22828508729007
"65",65,65,2014,0.0566396218109392,-0.352308822080629,-0.990966312333641,-1.22828508729007
"66",66,66,2015,0.0566396218109392,-0.273051809980637,-0.832751294069406,-1.56652332468576
"67",67,67,2016,0.0633958812205382,-0.321030214989213,-0.821041088530699,-1.56652332468576
